1718

576 40 281
95 45 225
423 85 266
508 239 220
458 326 312
467 0 105
273 2 49
605 4 96
299 6 66
100 7 263
725 8 50
79 14 147
631 15 117
168 18 59
316 20 106
192 24 157
529 26 141
18 34 131
309 38 106
45 44 70
645 46 64
402 58 113
586 64 127
577 68 154
350 74 76
355 75 91
263 77 204
662 86 116
575 91 109
358 93 129
461 95 106
433 108 107
516 114 164
714 121 143
83 127 114
617 131 192
761 135 85
388 143 115
787 146 206
419 157 151
318 158 122
239 166 136
476 171 127
760 174 121
324 176 131
93 200 179
759 202 173
701 204 141
248 210 132
784 218 82
63 220 115
138 227 178
391 235 153
50 243 91
314 246 169
664 262 105
354 263 152
641 278 112
166 290 216
479 302 144
424 309 180
476 286 196 40
759 758 351 38
586 537 259 36
419 422 359 30
458 404 289 21
701 700 99 19
617 732 149 15
407 277 4
467 475 240 3
79 77 219 1
433 436 120 50
166 162 306 46
79 780 301 41
18 135 134 38
239 237 175 35
433 434 250 35
458 459 237 33
760 432 313 33
423 751 131 221 32
605 187 257 30
56 39 29
458 460 104 29
631 632 189 29
467 215 338 28
241 300 26
664 665 247 24
725 721 98 24
787 540 77 219 23
391 440 333 291 22
539 9 22
701 61 341 16
501 345 14
664 483 87 13
529 713 252 11
45 44 280 266 8
95 211 253 7
631 633 632 189 7
95 98 99 236 3
617 449 485 275 1
100 94 117 50
263 265 283 50
424 271 62 47
163 139 45
605 477 295 41
641 119 66 39
699 225 34
714 179 162 33
100 99 236 31
314 343 566 242 28
314 207 744 222 23
423 395 27 23
787 128 57 21
605 603 318 20
100 445 61 341 18
391 440 554 22 193 18
388 356 315 17
714 715 688 65 16
787 540 543 579 155 16
508 333 291 15
645 643 268 15
166 589 168 7
166 164 162 306 7
701 731 729 505 255 7
79 7 563 331 6
423 751 176 50 6
327 183 6
166 403 692 337 5
100 96 588 587 123 4
263 737 738 231 3
355 683 222 90 3
314 343 348 386 53 2
309 588 587 123 1
423 311 128 48
166 161 285 44
575 578 226 47
701 220 340 40
83 590 596 397 216 36
529 106 333 35
508 506 327 31
263 386 53 30
63 227 531 261 25
239 240 320 24
95 98 94 117 23
461 464 267 23
192 53 260 22
251 311 21
630 154 20
248 443 486 177 18
759 477 295 18
662 665 247 15
248 589 168 14
663 274 14
759 757 563 331 13
93 614 254 10
318 319 272 10
424 420 767 192 10
714 713 252 10
617 619 618 297 8
350 352 322 232 5
576 503 165 6
318 317 319 272 38
83 590 336 228 3
673 161 285 3
168 639 754 659 41 1
318 541 383 316 1
83 311 128 46
433 432 313 45
138 142 332 44
79 173 174 70 12
79 64 579 155 11
314 238 356 315 33
100 303 301 343 31
355 514 515 310 30
18 600 308 29
508 505 255 27
747 115 26
630 154 25
467 675 111 25
138 137 142 332 21
138 621 355 25
516 118 140 141 304 21
641 642 160 100 21
79 202 484 107 20
423 639 544 589 168 20
248 250 247 346 19
166 403 294 332 342 18
654 12 17
300 477 295 17
251 311 1
95 92 99 236 14
324 290 291 728 256 14
699 225 13
95 92 94 117 12
59 525 1 11
355 534 82 7
458 457 460 104 10
631 112 383 316 10
62 321 9
396 399 208 7
516 636 635 588 587 123 7
79 7 0 510 322 5
181 207 3
423 639 754 659 41 1
461 462 147 50
516 515 310 48
172 779 138 42
516 606 159 42
299 709 269 40
323 322 232 40
529 527 148 37
424 422 359 5
18 751 176 50 12
508 507 10 25
138 141 304 28
458 280 266 27
508 207 744 222 25
93 98 94 117 24
508 333 440 464 267 22
787 260 223 22
787 204 208 48 334 22
476 475 240 20
418 209 20
354 1 23 81 19
18 17 5 18
324 290 291 308 32 16
539 449 444 371 3 15
761 758 351 15
388 597 790 789 271 14
248 443 397 216 13
529 106 104 89 13
172 60 12
138 140 141 304 12
79 76 77 219 7
62 321 10
458 340 319 272 8
549 233 10
418 209 10
645 642 160 100 10
95 99 236 9
470 129 9
239 235 293 89 90 21 8
402 697 522 206 8
300 477 295 8
576 349 22 193 8
784 28 29 30 126 7
358 35 33 660 122 6
166 403 294 435 436 120 5
299 591 550 265 5
701 503 165 4
95 92 688 65 3
79 7 0 10 651 201 2
83 590 596 660 122 2
95 247 346 2
83 590 591 550 265 1
549 200 540 543 579 155 1
617 20 600 308 1
391 389 118 43
138 67 238 2
248 247 346 41
299 666 358 21
368 130 40
350 351 11 40
673 161 285 40
309 311 128 38
358 35 31 224 31
617 619 613 109 140 31
419 613 610 296 29
93 99 236 28
576 349 437 439 116 26
168 170 410 97 24
641 244 31 23
358 356 315 22
458 340 632 189 3
458 457 459 237 22
467 441 456 80 136 22
388 386 53 20
631 112 39 203 18
50 48 334 17
168 170 169 543 564 214 17
501 345 16
388 597 591 550 265 11
63 227 228 271 62 14
214 213 77 219 2
166 403 404 289 13
192 190 193 606 159 13
318 48 334 13
516 325 143 185 12
79 76 75 279 11
549 233 10
138 137 142 141 304 10
323 276 10
461 457 459 237 10
701 731 22 193 10
576 159 691 79 9
470 335 507 10 4
45 208 48 334 7
310 188 7
576 444 496 132 7
18 686 680 298 181 5
163 139 5
263 722 544 720 556 217 5
314 238 495 299 5
45 208 91 249 3
239 235 23 81 3
83 590 444 449 485 275 2
702 35 2
418 209 2
239 410 97 1
702 35 1
458 464 267 49
423 383 316 44
79 75 279 42
467 466 142 34
702 35 31
714 682 709 269 31
575 718 179 29
617 616 268 266 344 27
787 520 519 251 26
62 321 25
248 580 101 25
577 578 226 24
192 190 193 658 80 23
368 371 3 23
470 129 23
620 755 29 21
787 128 111 135 134 21
539 449 444 371 3 1
81 48 17
529 526 527 148 17
617 616 618 297 17
787 581 789 271 17
467 465 466 142 16
50 51 330 286 14
181 207 14
214 213 287 14
388 597 209 325 14
701 731 730 348 13
714 108 104 89 13
714 108 105 61 16
576 349 348 386 53 12
18 686 206 110 431 156 11
138 139 141 304 11
226 225 397 216 11
516 636 635 684 413 194 10
549 233 8
433 435 434 250 8
458 463 1 23 81 7
787 581 36 31 224 7
516 636 114 343 348 425 317 1
181 207 5
300 335 5
273 274 212 5
423 639 638 22 5
424 422 543 564 214 5
63 64 140 141 304 4
350 779 366 365 51 4
458 669 750 769 264 4
508 333 334 8 9 87 173 2
358 35 34 31 224 3
539 449 444 371 3 2
300 335 3
138 137 139 141 304 2
624 133 2
309 90 21 2
226 225 397 216 2
577 572 55 118 140 141 304 2
673 167 1
83 590 444 110 431 156 1
256 308 32 1
576 571 572 55 118 140 141 304 1
631 633 339 337 336 228 1
714 715 713 252 1
50 483 87 50
388 387 187 49
458 669 80 136 46
476 730 348 44
79 78 59 13
138 51 52 19 36
508 413 194 38
41 349 34
664 661 91 249 30
192 597 209 325 25
424 447 449 684 413 194 25
93 94 117 24
701 681 462 147 24
50 51 143 185 23
50 769 264 25
324 20 600 308 16
501 345 23
263 261 4 10 651 201 22
605 505 255 22
323 276 21
784 28 30 126 21
458 463 459 237 20
631 683 222 90 20
586 585 152 19
586 582 341 178 284 25
172 60 18
354 337 336 228 18
402 753 659 41 18
784 653 112 18
760 757 247 346 17
716 347 15
354 352 194 329 13
577 660 122 13
310 188 12
654 12 11
324 756 332 342 11
479 468 292 11
760 757 563 331 11
192 193 592 595 658 80 10
314 499 503 165 7
299 185 188 55 9
509 319 272 9
586 0 10 651 201 9
391 774 775 772 244 8
100 363 362 282 7
100 96 686 206 110 431 156 21
310 188 17
100 96 98 243 294 10
630 154 7
100 363 542 558 110 6
263 737 736 738 231 6
358 345 346 38 188 55 6
701 681 111 135 134 6
132 298 5
263 722 723 721 98 5
256 145 5
516 513 344 27 353 5
701 204 201 27 353 4
787 581 675 111 4
402 331 294 795 195 3
516 636 114 188 55 3
549 233 3
701 681 410 97 3
50 52 19 2
256 308 32 2
45 208 207 744 222 1
388 385 386 53 1
256 145 1
508 333 334 8 389 118 1
576 349 346 38 188 55 1
586 579 64 140 141 304 1
673 167 47
461 460 104 43
508 504 330 43
576 54 186 41
549 233 41
620 94 40
84 54 35
458 462 147 32
663 274 32
787 788 786 544 720 556 217 27
300 335 25
760 762 1 511 510 322 25
273 272 125 20
79 150 149 17 21
458 463 1 6 73 230 19
168 73 230 19
192 403 404 289 18
461 202 484 107 18
509 319 272 17
662 298 181 17
576 543 580 101 16
760 80 136 16
299 290 23 81 7
529 530 527 148 14
166 142 141 304 12
172 174 70 6
787 275 276 258 12
391 390 406 405 124 11
418 209 10
529 526 110 431 156 10
479 412 383 316 9
95 94 117 8
641 644 752 778 69 8
784 28 30 416 83 8
402 404 289 7
419 178 284 4
701 681 742 741 273 7
58 57 190 2
256 308 32 6
358 35 33 36 31 224 6
68 69 63 6
620 94 6
576 571 290 23 81 5
586 582 288 92 5
617 618 297 5
663 274 5
547 750 769 264 4
368 130 4
586 579 543 580 101 4
181 207 3
673 167 3
391 345 344 27 353 3
402 697 695 522 206 3
631 683 718 179 3
45 208 343 456 80 136 2
549 233 2
358 345 347 416 83 2
132 298 2
248 249 752 778 69 1
132 298 1
59 525 1 1
662 596 660 122 30
784 428 27 353 36
56 39 31
263 290 298 181 30
501 345 27
725 723 721 98 25
63 203 205 767 192 24
516 667 612 611 150 24
470 129 23
41 349 22
784 113 377 379 169 22
138 693 692 337 9
419 114 188 55 10
624 133 19
192 403 294 795 195 19
239 238 495 299 19
454 113 19
41 42 16 18
45 208 343 456 692 337 16
45 46 628 301 343 15
516 636 512 281 383 316 13
132 298 10
93 96 92 98 243 294 10
759 555 336 228 10
586 0 255 659 41 9
620 94 1
624 133 8
396 23 81 1
454 113 7
424 32 31 224 7
576 159 469 468 292 5
68 69 63 6
186 187 257 6
402 346 38 188 55 6
701 349 432 313 17
402 346 38 439 116 11
310 188 5
186 550 265 5
45 208 581 675 111 4
631 683 732 149 4
677 88 3
358 559 558 110 3
461 459 464 267 2
479 442 445 61 341 2
41 42 16 1
354 788 786 91 249 1
354 788 786 544 720 556 217 2
760 757 247 439 116 1
784 113 110 431 156 1
59 205 40
172 60 35
391 727 726 72 33
310 188 29
479 442 445 506 327 24
577 574 567 350 10
701 349 431 156 21
62 321 11
631 669 659 41 18
714 438 439 116 18
714 292 580 101 23
323 276 1
547 303 16
784 113 377 436 120 16
68 280 15
186 151 15
396 213 15
509 319 272 14
166 164 167 162 306 14
253 42 12
84 54 10
368 130 10
605 750 718 179 10
63 203 205 267 199 9
702 35 9
766 109 9
100 98 243 294 8
192 191 189 179 162 6
454 113 8
181 207 7
168 380 208 581 675 111 7
391 390 389 118 2
641 644 651 201 7
327 534 82 6
388 385 387 187 6
63 540 200 209 325 5
501 345 5
318 291 308 401 404 289 1
539 535 307 4
186 151 4
461 460 464 267 4
516 636 634 212 170 4
516 517 515 310 4
576 257 531 261 4
163 139 3
396 213 3
324 20 17 5 3
391 345 348 347 416 83 2
714 712 713 252 3
761 758 135 134 3
138 685 682 709 269 2
316 315 735 738 231 2
300 335 2
354 788 786 684 413 194 2
59 525 1 2
402 346 405 124 2
217 153 10
576 749 365 51 2
226 225 397 216 2
186 550 265 1
168 116 112 39 203 1
192 193 592 90 21 1
309 542 558 110 1
355 489 490 305 1
358 447 365 51 1
391 345 343 348 347 416 83 1
300 335 1
631 669 80 136 1
509 76 34
714 438 772 244 27
549 550 265 24
93 92 165 162 306 3
701 305 301 343 3
761 758 638 22 20
418 660 122 18
241 300 17
402 557 743 37 17
132 298 17
263 264 265 283 16
81 48 16
673 167 14
350 353 446 440 464 267 14
355 514 754 781 779 209 325 14
714 595 591 675 111 1
461 430 431 156 12
701 305 125 611 150 12
138 137 141 304 11
716 713 252 11
454 113 10
402 697 684 730 348 9
256 475 240 10
576 159 115 637 638 22 10
617 615 618 297 10
641 786 43 304 271 62 10
355 489 488 490 305 9
358 356 238 495 299 9
45 775 772 244 8
163 139 8
368 130 8
725 724 683 732 149 8
93 99 452 135 134 7
617 615 609 293 7
168 380 208 207 205 267 199 6
663 274 6
716 632 189 5
217 153 5
186 151 4
166 167 162 306 11
186 151 4
68 69 63 4
63 782 752 778 69 3
56 57 190 3
79 449 444 110 613 109 140 3
79 449 440 554 22 193 3
166 751 683 732 149 3
354 788 786 544 780 301 3
355 514 517 515 310 3
358 447 444 110 613 109 140 3
433 681 742 741 273 3
549 550 265 3
214 78 2
673 82 163 1
192 193 592 595 591 675 111 1
263 290 23 658 80 1
56 39 6
132 298 1
358 360 357 356 238 495 299 1
716 632 189 1
501 542 562 49 17
248 204 336 228 35
310 188 34
310 188 0
310 507 10 5
310 311 128 5
310 157 84 38
310 312 75 279 22
59 205 12
310 116 167 162 306 9
186 151 1
309 312 75 279 12
310 116 112 689 691 79 7
586 582 200 209 325 5
310 311 652 651 201 1
663 274 36
663 274 6
663 259 180 19
663 744 222 5
663 754 781 506 327 4
663 754 796 160 9
663 290 296 197 34
663 744 207 205 267 199 6
663 744 207 200 209 325 9
168 116 112 689 691 79 29
747 115 29
163 347 416 83 10
354 698 113 110 613 610 296 15
300 335 14
355 489 627 629 234 14
18 19 1 511 510 322 10
784 294 435 434 250 10
716 713 252 9
327 328 33 8
358 359 356 238 495 299 6
396 213 8
549 550 265 7
549 200 209 325 7
186 151 6
186 187 257 6
577 574 278 329 248 6
549 200 220 340 6
784 294 795 195 6
327 183 5
419 421 619 613 109 140 5
586 584 582 200 209 325 3
662 596 736 738 231 4
323 276 3
350 353 446 17 5 3
132 131 221 3
759 518 294 795 195 3
273 206 125 611 150 2
273 333 332 342 8
273 206 110 613 109 140 5
273 206 110 613 610 296 3
273 333 334 204 200 209 325 3
316 261 135 134 2
402 697 695 698 113 377 436 120 2
766 78 59 2
68 69 63 1
226 225 397 216 1
677 675 111 1
309 487 485 275 1
673 167 1
516 514 517 515 310 1
253 42 27
56 57 190 20
702 704 102 19
549 233 16
547 303 14
549 233 14
549 233 11
549 550 265 1
549 200 540 543 579 155 5
549 200 209 325 2
549 200 220 270 314 2
458 340 347 416 83 1
454 113 3
549 552 550 413 194 3
100 200 220 270 314 10
45 46 628 629 234 1
300 335 8
549 552 553 551 541 675 111 7
79 64 140 47 3 379 169 5
539 535 307 1
759 553 551 550 413 194 1
549 551 541 675 111 9
577 791 540 200 220 270 314 3
714 595 591 675 111 1
549 469 127 125 451 319 4
549 551 541 548 47 2
63 540 200 220 270 314 1
248 204 201 102 339 14
664 120 119 66 14
547 303 12
172 60 9
418 416 83 2
310 291 728 726 72 10
324 20 600 427 96 9
168 169 446 17 5 7
263 262 735 738 231 7
631 669 659 75 279 7
631 669 596 736 738 231 14
631 669 596 594 628 629 234 8
747 115 6
673 167 6
673 167 21
673 167 16
673 161 285 3
673 116 178 284 2
81 82 163 15
673 597 682 709 707 241 6
673 341 361 28 1
673 116 243 294 1
673 751 683 732 149 7
673 125 451 319 2
72 25 28
263 262 735 736 738 231 18
673 751 540 200 202 228 271 62 9
433 435 294 535 307 9
166 161 515 436 120 3
163 139 2
81 82 163 2
433 435 294 518 446 17 5 1
168 116 243 294 3
402 346 440 452 135 134 6
677 675 111 6
662 665 661 558 110 6
144 119 6
166 164 161 162 306 1
50 51 49 510 322 5
273 206 125 451 319 5
664 555 556 217 5
79 420 422 543 566 242 4
509 76 4
418 416 83 4
509 319 272 4
577 791 754 796 160 4
673 751 753 530 527 148 4
547 545 562 49 3
56 39 3
501 503 165 3
59 205 3
316 261 4 108 105 61 3
586 584 544 780 301 3
163 162 306 2
144 119 12
168 380 208 155 158 157 84 2
759 518 446 17 5 2
18 751 753 530 527 148 1
79 449 799 798 164 1
458 280 595 591 451 319 1
300 335 1
327 183 38
650 184 36
368 130 34
368 130 10
368 371 3 18
368 372 378 324 28
368 505 255 29
368 505 506 327 20
368 369 544 780 301 10
501 345 8
368 369 370 371 753 530 527 148 1
68 280 18
368 750 769 289 198 6
502 144 5
368 369 544 639 638 22 3
402 753 530 527 148 2
263 722 544 639 638 22 5
418 209 3
263 722 544 639 492 491 61 341 1
263 722 544 541 548 47 14
576 444 110 206 125 611 504 330 13
263 722 544 639 754 796 160 9
502 503 165 6
402 753 408 409 71 2
368 750 341 361 28 3
368 750 767 192 17
368 750 757 247 504 330 4
368 750 505 506 327 6
620 621 355 3
766 78 59 5
368 370 589 292 580 101 1
327 183 27
327 183 12
327 534 82 4
327 328 33 1
56 39 6
327 293 235 234 13 23
327 293 89 220 270 314 2
716 713 252 2
716 347 5
355 534 82 4
56 39 6
79 449 534 82 6
327 326 328 33 10
396 213 5
256 145 26
787 346 742 741 273 26
549 559 558 110 25
662 201 492 491 61 341 24
72 25 23
458 4 61 341 23
467 524 523 352 21
256 145 19
79 420 422 592 614 254 14
318 291 799 798 164 2
631 524 21 487 485 275 14
58 172 13
577 791 705 681 688 65 12
716 347 12
716 347 11
479 341 361 28 11
576 342 683 732 149 9
93 96 634 212 170 8
300 335 8
388 385 386 348 202 228 271 62 3
549 513 446 17 5 7
186 151 7
56 39 6
702 35 5
516 520 519 732 149 5
45 775 774 772 244 4
72 25 4
241 240 320 4
79 669 596 594 628 629 234 3
168 380 208 203 554 22 193 3
407 409 71 3
132 131 221 3
549 469 110 206 125 451 319 3
316 261 4 108 741 273 2
58 172 5
62 65 191 2
501 345 2
59 205 2
702 704 102 1
192 191 190 193 592 614 254 1
310 291 290 335 338 471 182 1
316 261 4 2 288 92 1
433 681 688 65 1
549 553 551 550 591 451 319 1
645 644 651 201 20
58 172 19
501 503 165 20
617 107 105 61 18
407 409 71 17
677 88 16
396 213 16
396 397 216 15
539 535 307 15
226 225 397 216 9
354 353 795 195 12
41 42 16 8
502 144 3
747 115 11
476 123 124 456 453 357 11
624 133 11
132 131 221 10
50 49 510 322 9
547 545 562 49 7
547 303 28
547 303 15
547 545 562 49 22
547 750 769 264 2
620 755 29 10
58 172 6
241 240 320 11
547 540 43 3 379 169 8
310 291 290 335 329 248 7
641 786 43 3 379 169 7
760 758 638 22 7
575 572 55 53 260 6
470 129 11
318 320 507 335 329 248 5
251 311 4
677 88 4
620 755 29 4
316 291 308 401 338 471 182 4
41 349 4
529 528 527 148 4
172 60 3
132 298 3
316 261 4 10 767 192 2
617 107 106 105 61 2
509 799 798 164 2
72 25 1
256 205 267 199 1
144 119 47
144 119 18
144 171 174 70 6
62 321 8
172 60 3
172 60 1
502 503 165 3
396 213 9
501 345 1
144 685 365 51 13
539 536 288 3
81 48 20
62 321 8
172 60 6
172 60 3
172 60 6
172 174 70 25
144 171 116 243 294 2
144 106 105 491 61 341 2
144 292 512 510 322 21
624 133 21
539 536 288 10
81 48 7
509 76 35
509 76 21
509 319 272 2
509 799 798 164 12
509 792 794 281 7
509 799 798 164 12
501 345 28
501 345 0
501 503 165 2
502 144 8
502 144 3
350 779 366 365 51 9
501 375 593 594 628 629 234 27
350 779 781 506 327 14
501 375 593 594 626 222 90 8
509 799 332 342 4
62 65 191 10
502 144 22
502 144 14
509 799 796 160 3
418 209 3
350 779 780 301 2
501 542 554 22 193 1
501 499 436 120 14
509 445 444 110 113 629 234 14
350 779 366 367 365 51 5
509 445 444 110 113 377 436 120 5
509 792 793 718 179 3
509 445 473 472 474 30 15
368 369 544 541 383 281 778 69 5
501 375 342 683 717 485 275 4
253 42 2
350 779 781 780 301 1
509 792 795 195 1
747 115 1
502 144 1
458 340 319 21 487 485 275 1
509 792 794 795 195 5
251 311 25
256 145 15
350 779 209 211 253 10
226 225 397 216 5
501 375 342 601 486 177 4
502 144 2
95 593 594 626 222 90 1
407 409 71 1
501 445 473 472 474 30 1
501 445 473 400 330 286 4
787 520 542 554 22 193 4
256 145 2
256 145 30
256 422 359 6
256 205 23 81 6
256 205 267 199 9
256 308 401 404 289 4
256 308 401 338 471 182 6
256 257 242 243 294 18
256 257 242 780 301 12
95 593 591 608 229 1
501 445 335 329 248 21
501 445 442 441 139 367 365 51 16
509 730 684 727 726 72 10
45 208 207 205 267 199 6
663 744 207 205 267 199 9
576 159 115 637 638 22 3
747 115 2
402 401 338 471 182 1
418 389 118 7
424 422 592 614 254 5
132 298 6
132 298 1
502 144 8
59 205 6
502 144 7
354 788 786 43 3 379 169 4
502 144 3
72 25 2
256 475 275 276 258 2
310 291 308 401 338 471 182 2
664 555 336 798 164 2
716 347 1
316 261 4 10 267 199 1
350 779 554 22 193 1
630 154 21
402 557 556 217 18
388 385 386 387 187 16
263 264 86 118 195 323 14
407 409 71 13
132 298 13
467 524 522 206 13
454 113 13
256 446 2 288 92 12
479 477 334 8 156 157 84 12
549 553 551 550 591 608 229 12
354 375 342 601 486 177 11
300 335 10
63 540 43 3 379 169 10
747 115 10
747 115 0
747 748 796 160 24
502 144 9
454 113 12
747 739 738 288 92 7
418 389 118 2
747 746 441 139 367 365 51 2
300 335 6
300 335 29
300 301 343 17
300 203 554 22 193 3
300 477 334 8 156 157 84 1
300 203 232 312 14
84 54 3
300 306 301 628 594 626 222 90 1
539 9 7
747 746 441 442 443 494 336 7
787 204 201 102 339 2
787 204 233 215 2
787 204 244 31 13
132 131 221 11
163 139 1
300 24 22 193 4
300 6 9 8 156 157 84 1
41 349 2
747 746 441 442 114 152 153 67 5
45 43 540 541 383 281 778 69 3
479 481 10 267 199 1
300 6 1 205 259 180 17
300 6 1 73 474 30 7
479 478 398 395 27 7
63 203 232 312 6
56 39 3
300 6 9 2 288 92 2
716 347 2
81 48 2
766 109 10
300 640 638 22 9
300 6 5 740 743 37 12
318 320 728 726 72 6
163 139 8
539 9 8
479 481 477 334 204 244 31 8
725 723 721 778 69 8
45 775 773 109 140 7
396 213 7
576 257 242 780 301 7
620 755 29 7
350 351 352 194 329 6
467 524 21 487 485 486 177 6
59 205 6
470 129 6
62 321 5
677 88 5
310 291 540 298 680 522 206 5
358 602 600 427 96 5
402 753 345 234 13 5
470 129 6
509 497 496 132 4
630 154 3
62 65 191 2
144 292 512 281 778 69 2
163 139 2
766 78 59 2
59 205 1
132 131 221 1
253 42 1
364 365 51 1
59 205 1
79 449 447 522 206 25
575 572 55 54 186 22
241 240 320 2
424 32 31 36 2 288 92 11
418 415 23 8
79 669 541 383 281 778 69 8
630 154 7
539 9 6
476 442 114 152 153 67 6
62 65 191 5
624 133 5
479 481 482 478 398 395 27 4
766 109 4
766 109 4
714 438 439 38 2 288 92 4
81 82 163 3
418 415 23 3
747 739 736 596 412 413 194 3
502 144 2
502 144 0
502 503 165 3
502 499 436 120 2
502 499 436 432 313 2
56 39 27
56 39 0
58 172 2
56 57 190 5
59 205 2
56 202 228 271 62 4
56 202 348 425 317 5
59 205 27
59 205 1
58 172 11
59 682 711 726 72 1
59 205 259 180 4
539 9 8
59 198 199 52 3
58 57 190 21
58 172 22
58 172 13
58 57 752 600 308 7
58 567 350 13
630 154 6
58 57 752 567 350 3
79 448 532 105 11
630 154 6
516 636 114 152 153 67 5
56 202 228 680 522 206 1
132 298 1
59 205 612 415 23 1
577 574 567 350 12
217 218 211 38
501 500 503 499 436 432 313 17
241 300 12
81 48 7
59 525 448 532 105 2
132 298 1
470 129 6
58 4 10 267 199 5
418 415 23 1
81 82 163 22
217 153 11
186 187 257 9
263 722 723 721 778 69 8
62 65 191 7
502 444 448 532 105 5
59 682 680 531 261 4
81 48 5
168 380 208 343 114 152 153 67 3
59 682 681 688 65 1
241 240 320 1
253 42 11
396 213 5
396 213 0
396 397 216 6
396 23 81 7
396 399 208 24
396 400 397 216 1
396 400 397 395 27 13
226 73 5
396 581 223 221 178 15
396 581 789 790 365 51 2
624 133 1
358 345 399 208 7
396 395 27 16
396 395 399 208 6
285 270 1
396 581 675 591 608 229 1
396 581 675 591 610 296 18
285 270 8
418 415 23 5
56 60 720 719 356 4
62 321 2
418 415 23 2
624 133 2
624 133 41
624 77 219 12
620 94 7
620 94 7
624 623 36 24
132 298 18
132 298 26
132 130 341 178 284 1
41 349 3
323 276 15
41 42 16 4
132 408 409 71 1
132 130 131 221 19
181 207 33
132 408 410 97 5
624 593 591 610 296 6
624 593 591 608 609 293 6
620 94 2
214 213 287 14
624 621 355 27
323 131 221 20
323 276 15
624 593 592 595 534 82 7
253 42 12
323 276 3
323 131 221 3
418 415 23 1
132 133 134 131 221 3
624 622 621 355 6
323 276 9
418 415 23 1
624 593 592 522 206 1
132 130 343 378 324 12
186 187 257 4
217 218 211 1
479 481 771 541 383 534 82 4
454 113 3
418 415 23 2
479 481 771 541 383 281 778 69 3
83 590 101 102 339 2
41 349 1
470 129 4
470 129 1
470 335 507 10 5
470 347 416 83 9
470 442 469 468 292 2
470 387 187 7
470 335 329 248 8
470 347 409 410 97 9
470 612 415 23 10
470 442 472 474 30 7
630 154 4
418 389 118 4
631 633 491 488 490 305 15
470 335 337 230 232 312 6
766 109 17
418 389 118 5
467 441 442 443 387 187 2
418 209 7
716 347 2
407 277 6
41 42 16 4
716 347 2
716 347 2
631 633 491 490 305 2
285 270 1
418 415 23 1
251 311 1
624 207 201 224 56 20
59 518 294 435 655 653 112 16
502 169 230 232 312 11
62 321 10
663 290 23 22 193 8
316 315 740 743 37 6
59 682 680 531 532 105 5
624 207 201 139 367 365 51 3
539 9 3
323 276 3
214 78 3
41 349 2
424 422 592 522 206 2
716 347 1
784 782 752 776 778 69 1
784 782 752 780 301 6
62 321 24
62 321 0
62 64 579 155 19
62 65 191 2
62 621 355 22
62 621 623 36 3
62 64 579 543 568 161 6
620 94 10
418 389 118 12
501 542 65 191 8
79 64 579 543 568 161 13
181 182 179 162 1
181 207 1
62 621 103 102 339 9
62 246 249 752 780 301 3
454 113 4
454 113 3
454 455 137 1
454 453 357 40
285 270 31
454 146 527 148 7
253 42 5
253 42 15
251 311 14
253 666 358 20
241 240 320 13
253 124 456 692 337 12
251 311 3
72 25 11
72 25 9
72 71 73 230 2
72 70 103 19
454 456 455 137 4
620 94 1
454 752 249 337 230 232 312 7
454 752 249 242 31 36 2 288 92 3
630 154 22
630 154 0
630 67 238 40
251 311 14
251 311 15
72 73 70 103 12
241 300 12
630 447 417 415 23 4
418 209 1
241 300 17
79 448 443 648 354 13
251 311 2
630 447 440 451 319 1
630 447 449 799 796 160 5
630 447 444 110 113 238 240 320 4
251 311 12
251 311 0
251 272 125 4
251 598 487 485 486 177 1
677 88 37
677 88 15
677 675 111 13
677 150 151 149 17 2
630 447 448 443 648 354 7
310 116 113 238 240 320 7
433 681 688 65 6
630 447 441 442 472 474 30 3
273 272 125 4
605 598 487 486 177 5
285 289 198 1
458 463 1 10 267 199 2
631 633 491 490 305 9
350 353 352 194 329 7
323 276 5
81 48 4
81 48 12
81 82 163 1
81 8 9 87 173 2
539 9 14
41 42 16 5
418 209 14
586 0 10 267 199 8
508 333 334 204 201 569 568 161 2
586 0 10 101 102 339 1
285 289 198 9
81 117 432 313 1
81 117 101 102 339 2
56 60 720 719 356 22
539 537 259 18
418 209 12
418 209 9
418 209 28
418 176 50 22
418 389 118 5
418 660 122 13
418 794 281 3
418 416 83 7
418 417 415 23 8
418 573 12 572 55 118 116 176 488 490 305 7
181 207 4
241 300 4
418 573 12 294 275 276 258 4
539 9 2
454 752 249 242 204 201 569 568 161 2
454 146 613 610 266 344 2
714 595 649 648 354 2
18 751 176 488 490 305 1
630 447 417 415 23 1
251 254 205 612 415 23 5
586 582 798 164 5
424 447 417 415 23 1
241 237 175 1
186 187 257 5
81 8 334 204 201 569 568 161 3
454 146 613 612 415 23 3
56 202 228 271 533 245 1
624 207 612 415 23 1
59 198 118 55 757 563 564 214 12
41 349 7
18 751 176 488 493 490 305 4
631 633 491 492 490 305 1
41 349 9
41 349 0
41 42 52 19 3
186 151 1
747 746 569 568 161 11
673 82 720 719 356 7
327 633 491 492 490 305 6
539 9 2
539 9 1
576 159 115 24 22 193 6
576 444 445 473 471 182 6
285 289 198 5
241 300 5
285 289 198 4
285 270 3
539 9 3
214 78 2
59 525 448 541 347 409 410 97 1
699 225 1
624 207 278 276 258 1
577 572 12 13 464 732 149 20
470 262 735 315 740 743 37 12
226 73 11
59 682 680 531 533 245 7
285 270 7
81 8 334 706 102 339 5
59 518 294 275 276 258 4
470 437 349 272 125 4
241 300 2
766 109 2
62 348 627 489 493 490 305 1
81 8 5 740 743 37 1
81 8 9 2 27 260 223 5
214 78 1
214 78 1
650 184 24
650 184 0
650 651 201 12
650 652 522 206 4
650 652 522 523 352 1
716 347 19
716 347 0
716 416 83 1
716 632 189 19
285 270 11
241 237 175 9
766 109 8
418 573 12 13 210 211 253 8
251 254 543 568 161 7
251 254 205 207 201 27 260 223 9
364 328 5
59 682 244 580 101 3
631 633 491 492 490 305 2
217 153 11
327 293 89 220 270 472 474 30 1
327 293 294 275 276 258 6
458 340 349 431 259 180 6
41 134 131 733 732 149 2
41 134 131 708 709 707 241 8
59 682 244 564 214 2
59 682 680 687 688 65 3
181 207 2
285 270 2
285 270 2
241 237 175 2
56 60 294 275 276 258 1
747 746 749 344 708 709 707 241 1
323 276 26
323 276 8
323 322 232 1
323 131 221 7
323 429 43 41
323 569 201 27 260 223 14
163 139 20
163 139 16
163 139 16
163 347 416 83 1
163 162 306 19
350 352 194 195 323 1
132 131 708 709 707 241 2
654 12 1
166 164 161 435 294 275 276 258 1
324 322 352 194 195 323 7
299 290 734 40 484 107 3
391 345 344 708 709 707 241 1
214 213 287 3
181 207 16
766 109 15
766 109 0
766 78 59 29
766 763 106 10
316 315 735 764 763 106 19
766 765 750 797 798 164 9
214 213 287 7
263 750 797 798 164 14
95 344 708 709 707 241 11
214 78 10
285 270 8
285 270 43
285 289 198 11
285 286 196 19
285 287 289 198 32
454 752 750 769 289 198 8
285 432 436 434 250 16
766 764 763 106 8
241 237 175 16
454 752 61 491 492 490 305 3
454 752 754 278 276 258 4
605 598 202 228 271 533 245 3
45 208 201 27 260 223 1
285 432 436 435 294 275 276 258 1
368 750 765 763 106 10
226 73 7
214 78 7
241 300 4
241 300 4
539 9 2
241 238 495 299 2
241 237 175 19
181 207 8
181 207 2
181 182 179 162 2
181 182 180 141 36
226 73 3
467 441 442 443 483 87 3
714 595 534 224 56 8
214 213 287 5
539 9 2
241 236 237 175 15
181 180 182 429 43 20
539 9 5
79 448 443 483 87 3
539 9 3
539 9 6
539 535 307 30
539 536 288 12
539 537 259 25
81 538 535 537 259 5
539 449 799 797 798 164 4
539 538 536 288 13
132 408 410 97 3
539 538 535 40 484 107 4
299 290 734 40 484 107 4
226 73 3
79 448 442 443 483 87 2
407 277 7
226 73 4
358 345 234 453 357 3
699 225 3
539 538 535 536 288 13
214 213 287 1
214 78 10
217 153 7
617 449 447 441 210 211 253 4
699 225 3
214 78 2
501 542 734 40 484 107 2
58 4 270 472 474 30 9
285 287 591 610 266 344 9
214 78 9
358 345 344 708 707 241 5
214 78 5
214 78 35
214 213 77 219 4
214 346 213 287 2
214 212 170 40
144 685 734 40 484 107 3
699 225 2
617 449 444 441 210 211 253 2
217 153 1
617 449 448 442 271 533 245 1
358 345 346 213 287 6
617 449 444 445 442 271 533 245 4
624 207 205 271 533 245 1
364 328 18
454 752 776 332 799 797 274 212 16
132 131 733 734 40 484 107 12
186 151 12
364 328 11
186 151 8
186 151 4
186 188 55 10
186 550 265 1
364 328 7
747 746 441 442 271 533 245 9
217 153 4
217 153 4
624 207 200 209 210 211 253 4
702 35 2
217 153 2
364 328 1
217 153 1
217 153 6
217 153 10
217 223 221 178 5
217 223 222 90 11
217 346 213 287 3
217 218 211 8
56 202 200 218 211 3
79 448 442 271 533 245 1
56 202 200 209 210 211 253 5
56 202 228 680 531 532 533 245 1
364 328 3
364 328 13
364 365 51 2
702 35 5
364 366 779 209 210 211 253 1
217 399 395 397 225 224 56 5
650 652 522 266 344 5
79 76 400 473 471 182 4
79 448 541 271 270 472 474 30 3
186 187 188 38 439 473 471 182 6
350 353 523 623 36 5
407 277 1
508 507 335 329 330 286 1
56 202 204 258 260 223 11
186 118 86 9 1 10 267 224 56 7
407 277 4
79 448 447 417 225 224 56 3
358 345 234 453 455 137 1
624 207 612 610 266 344 1
396 325 400 473 471 182 8
56 202 228 227 229 797 274 272 125 1
45 43 540 291 799 797 274 272 125 2
256 446 353 523 623 36 2
419 420 44 293 329 330 286 2
424 420 44 293 329 330 286 1
56 202 228 680 689 691 210 211 253 3
62 246 250 247 504 154 153 67 3
18 751 176 488 489 627 267 224 56 2
217 346 440 443 483 484 107 1
458 340 347 541 271 270 472 474 471 182 1
58 4 2 38 439 473 474 471 182 3
407 277 3
388 597 591 611 504 154 153 67 1
605 598 592 615 616 268 267 266 344 1
186 118 55 757 247 504 154 153 67 1
256 446 353 523 522 266 344 1
467 524 521 522 266 344 9
620 94 3
226 73 1
226 73 3
84 54 5
620 621 355 7
620 755 756 332 342 1
620 94 4
654 595 591 550 265 3
654 595 592 422 359 25
654 655 653 112 2
654 12 6
407 409 71 5
407 277 62
407 410 97 36
68 280 16
68 69 63 7
702 682 684 730 348 1
702 682 711 726 72 3
702 35 34
702 704 102 9
699 225 30
699 700 99 10
699 361 28 19
